# This is a new R script
A <- 1:10
B <- 1:100
C <- 100